

Running multirotor: 
0.021000 0.000000 0.000000 -6.997843
0.021000 0.000028 0.000000 -6.997447
0.021000 0.000279 0.000000 -6.997085
0.021000 0.001029 0.000000 -6.996801
0.021000 0.002485 0.000000 -6.996521
0.021000 0.004857 0.000000 -6.996145
0.021000 0.008336 0.000000 -6.995555
0.021000 0.013066 0.000000 -6.994635
0.021000 0.019161 0.000000 -6.993272
0.021000 0.026716 0.000000 -6.991356
0.021000 0.035806 0.000000 -6.988786
0.021000 0.046493 0.000000 -6.985475
0.021000 0.058827 0.000000 -6.981346
0.021000 0.072851 0.000000 -6.976335
0.021000 0.088606 0.000000 -6.970391
0.021000 0.106123 0.000000 -6.963472
0.021000 0.125437 0.000000 -6.955549
0.021000 0.146577 0.000000 -6.946599
0.021000 0.169572 0.000000 -6.936612
0.021000 0.194451 0.000000 -6.925580
0.021000 0.221241 0.000000 -6.913503
0.021000 0.249968 0.000000 -6.900387
0.021000 0.280660 0.000000 -6.886240
0.021000 0.313341 0.000000 -6.871075
0.021000 0.348036 0.000000 -6.854910
0.021000 0.384769 0.000000 -6.837773
0.021000 0.423571 0.000000 -6.819724
0.021000 0.464479 0.000000 -6.800846
0.021000 0.507525 0.000000 -6.781217
0.021000 0.552735 0.000000 -6.760915
0.021000 0.593229 0.000000 -6.743039
0.021000 0.649741 0.000000 -6.718603
0.021000 0.701567 0.000000 -6.696731
0.021000 0.755624 0.000000 -6.674467
0.021000 0.803737 0.000000 -6.655115
0.021000 0.870447 0.000000 -6.628989
0.021000 0.931217 0.000000 -6.605880
0.021000 0.994223 0.000000 -6.582587
0.021000 1.059461 0.000000 -6.559154
0.021000 1.126924 0.000000 -6.535624
0.021000 1.196606 0.000000 -6.512033
0.021000 1.268497 0.000000 -6.488420
0.021000 1.342655 0.000000 -6.464953
0.021000 1.419548 0.000000 -6.442559
0.021000 1.499583 0.000000 -6.421859
0.021000 1.582880 0.000000 -6.402877
0.021000 1.669593 0.000000 -6.385772
0.021000 1.759770 0.000000 -6.370526
0.021000 1.853431 0.000000 -6.357069
0.021000 1.950628 0.000000 -6.345407
0.021000 2.051372 0.000000 -6.335493
0.021000 2.155660 0.000000 -6.327263
0.021000 2.263498 0.000000 -6.320677
0.021000 2.374882 0.000000 -6.315689
0.021000 2.489802 0.000000 -6.312243
0.021000 2.608245 0.000000 -6.310293
0.021000 2.730196 0.000000 -6.309788
0.021000 2.855629 0.000000 -6.310669
0.021000 2.984486 0.000000 -6.312829
0.021000 3.116729 0.000000 -6.316216
0.021000 3.252346 0.000000 -6.320836
0.021000 3.391291 0.000000 -6.326665
0.021000 3.533514 0.000000 -6.333679
0.021000 3.678969 0.000000 -6.341868
0.021000 3.827601 0.000000 -6.351222
0.021000 3.979354 0.000000 -6.361729
0.021000 4.111868 0.000000 -6.371646
0.021000 4.291991 0.000000 -6.386173
0.021000 4.452755 0.000000 -6.400099
0.021000 4.616405 0.000000 -6.415157
0.021000 4.782877 0.000000 -6.431344
0.021000 4.952112 0.000000 -6.448658
0.021000 5.099324 0.000000 -6.464395
0.021000 5.298631 0.000000 -6.486666
0.021000 5.475794 0.000000 -6.507361
0.021000 5.655272 0.000000 -6.528754
0.021000 5.835689 0.000000 -6.548151
0.021000 6.016460 0.000000 -6.564537
0.021000 6.197558 0.000000 -6.578054
0.021000 6.378969 0.000000 -6.588794
0.021000 6.560682 0.000000 -6.596867
0.021000 6.742684 0.000000 -6.602375
0.021000 6.924964 0.000000 -6.605386
0.021000 7.107512 0.000000 -6.605960
0.021000 7.290317 0.000000 -6.604146
0.021000 7.473371 0.000000 -6.599988
0.021000 7.656665 0.000000 -6.593517
0.021000 7.840193 0.000000 -6.584763
0.021000 8.023950 0.000000 -6.573753
0.021000 8.207929 0.000000 -6.560509
0.021000 8.392125 0.000000 -6.545050
0.021000 8.576533 0.000000 -6.527391
0.021000 8.761150 0.000000 -6.507549
0.021000 8.945970 0.000000 -6.485534
0.021000 9.131083 0.000000 -6.461842
0.021000 9.317060 0.000000 -6.439308
0.021000 9.504225 0.000000 -6.419043
0.021000 9.692705 0.000000 -6.401073
0.021000 9.882633 0.000000 -6.385684
0.021000 10.074061 0.000000 -6.372860
0.021000 10.267014 0.000000 -6.362509
0.021000 10.461531 0.000000 -6.354664
0.021000 10.657627 0.000000 -6.349300
0.021000 10.855301 0.000000 -6.346362
0.021000 11.054553 0.000000 -6.345825
0.021000 11.255377 0.000000 -6.347665
0.021000 11.457757 0.000000 -6.351845
0.021000 11.661677 0.000000 -6.358339
0.021000 11.867116 0.000000 -6.367117
0.021000 12.074051 0.000000 -6.378152
0.021000 12.282457 0.000000 -6.391415
0.021000 12.492306 0.000000 -6.406878
0.021000 12.703567 0.000000 -6.424504
0.021000 12.916124 0.000000 -6.443933
0.021000 13.129762 0.000000 -6.464397
0.021000 13.344309 0.000000 -6.485297
0.021000 13.559651 0.000000 -6.506243
0.021000 13.775636 0.000000 -6.526670
0.021000 13.991803 0.000000 -6.544775
0.021000 14.208035 0.000000 -6.560290
0.021000 14.424302 0.000000 -6.573324
0.021000 14.640591 -0.000000 -6.583944
0.021000 14.856884 -0.000000 -6.592206
0.021000 15.073166 -0.000000 -6.598162
0.021000 15.289426 -0.000000 -6.601844
0.021000 15.505653 -0.000000 -6.603283
0.021000 15.721840 -0.000000 -6.602506
0.021000 15.937980 -0.000000 -6.599531
0.021000 16.154070 -0.000000 -6.594375
0.021000 16.370102 -0.000000 -6.587053
0.021000 16.586075 -0.000000 -6.577577
0.021000 16.801985 -0.000000 -6.565957
0.021000 17.017832 -0.000000 -6.552218
0.021000 17.233662 -0.000000 -6.536802
0.021000 17.449556 -0.000000 -6.520525
0.021000 17.634708 -0.000000 -6.506362
0.021000 17.850870 -0.000000 -6.489958
0.021000 18.067232 -0.000000 -6.474056
0.021000 18.314938 -0.000000 -6.458198
0.021000 18.532209 -0.000000 -6.447096
0.021000 18.750055 -0.000000 -6.438649
0.021000 18.968538 -0.000000 -6.433002
0.021000 19.187685 -0.000000 -6.430140
0.021000 19.407528 -0.000000 -6.430018
0.021000 19.628096 -0.000000 -6.432653
0.021000 19.849396 -0.000000 -6.437999
0.021000 20.071386 -0.000000 -6.445642
0.021000 20.293959 -0.000000 -6.454813
0.021000 20.517025 -0.000000 -6.464923
0.021000 20.740532 -0.000000 -6.475581
0.021000 20.964437 -0.000000 -6.486526
0.021000 21.188717 -0.000000 -6.497586
0.021000 21.413353 -0.000000 -6.508650
0.021000 21.638283 -0.000000 -6.519343
0.021000 21.863243 -0.000000 -6.528041
0.021000 22.088152 -0.000000 -6.534441
0.021000 22.312984 -0.000000 -6.538588
0.021000 22.537729 -0.000000 -6.540510
0.021000 22.762371 -0.000000 -6.540233
0.021000 22.986897 -0.000000 -6.537777
0.021000 23.211304 -0.000000 -6.533160
0.021000 23.435596 -0.000000 -6.526541
0.021000 23.659838 -0.000000 -6.518671
0.021000 23.884085 -0.000000 -6.510279
0.021000 24.108368 -0.000000 -6.501814
0.021000 24.332708 -0.000000 -6.493545
0.021000 24.525061 -0.000000 -6.486867
0.021000 24.781780 -0.000000 -6.480303
0.021000 25.006748 -0.000000 -6.477396
0.021000 25.232098 -0.000000 -6.477194
0.021000 25.457861 -0.000000 -6.479670
0.021000 25.683994 -0.000000 -6.484169
0.021000 25.910444 -0.000000 -6.490013
0.021000 26.104771 -0.000000 -6.495733
0.021000 26.364164 -0.000000 -6.504011
0.021000 26.591354 -0.000000 -6.511302
0.021000 26.818514 -0.000000 -6.516739
0.021000 27.045570 -0.000000 -6.519952
0.021000 27.272505 -0.000000 -6.520966
0.021000 27.499308 -0.000000 -6.519798
0.021000 27.725973 -0.000000 -6.516483
0.021000 27.952538 -0.000000 -6.511487
0.021000 28.179058 -0.000000 -6.505637
0.021000 28.405575 -0.000000 -6.499496
0.021000 28.632109 -0.000000 -6.493425
0.021000 28.858692 -0.000000 -6.487881
0.021000 29.085457 -0.000000 -6.484455
0.021000 29.312496 -0.000000 -6.483702
0.021000 29.539850 -0.000000 -6.485504
0.021000 29.767490 -0.000000 -6.489282
0.021000 29.995377 -0.000000 -6.494385
0.021000 30.223484 -0.000000 -6.500359
0.021000 30.451756 -0.000000 -6.506551
0.021000 30.679968 -0.000000 -6.510944
0.021000 30.908058 -0.000000 -6.513135
0.021000 31.136005 -0.000000 -6.513143
0.021000 31.363808 -0.000000 -6.510992
0.021000 31.591490 -0.000000 -6.507064
0.021000 31.819113 -0.000000 -6.502246
0.021000 32.046719 -0.000000 -6.497146
0.021000 32.274349 -0.000000 -6.492362
0.021000 32.502136 -0.000000 -6.489658
0.021000 32.730179 -0.000000 -6.489618
0.021000 32.958496 -0.000000 -6.491944
0.021000 33.187054 -0.000000 -6.495966
0.021000 33.415817 -0.000000 -6.501113
0.021000 33.644726 -0.000000 -6.506636
0.021000 33.873562 -0.000000 -6.510397
0.021000 34.102261 -0.000000 -6.511969
0.021000 34.330807 -0.000000 -6.511364
0.021000 34.559212 -0.000000 -6.508719
0.021000 34.787518 -0.000000 -6.504742
0.021000 35.015778 -0.000000 -6.500225
0.021000 35.244034 -0.000000 -6.495630
0.021000 35.472305 -0.000000 -6.491456
0.021000 35.700722 -0.000000 -6.489387
0.021000 35.929371 -0.000000 -6.489965
0.021000 36.158257 -0.000000 -6.492712
0.021000 36.387341 -0.000000 -6.496949
0.021000 36.616604 -0.000000 -6.502172
0.021000 36.845989 -0.000000 -6.507690
0.021000 37.075294 -0.000000 -6.511436
0.021000 37.304455 -0.000000 -6.512995
0.021000 37.533463 -0.000000 -6.512382
0.021000 37.762321 -0.000000 -6.509799
0.021000 37.991085 -0.000000 -6.505998
0.021000 38.219803 -0.000000 -6.501729
0.021000 38.448505 -0.000000 -6.497417
0.021000 38.677212 -0.000000 -6.493543
0.021000 38.906055 -0.000000 -6.491782
0.021000 39.135124 -0.000000 -6.492641
0.021000 39.364395 -0.000000 -6.495548
0.021000 39.593853 -0.000000 -6.499842
0.021000 39.823433 -0.000000 -6.504673
0.021000 40.052925 -0.000000 -6.507781
0.021000 40.282269 -0.000000 -6.508709
0.021000 40.511452 -0.000000 -6.507519
0.021000 40.740517 -0.000000 -6.504726
0.021000 40.969505 -0.000000 -6.501066
0.021000 41.198456 -0.000000 -6.497146
0.021000 41.427410 -0.000000 -6.493581
0.021000 41.656494 -0.000000 -6.492129
0.021000 41.885796 -0.000000 -6.493250
0.021000 42.115307 -0.000000 -6.496315
0.021000 42.344982 -0.000000 -6.500690
0.021000 42.574768 -0.000000 -6.505554
0.021000 42.804462 -0.000000 -6.508689
0.021000 43.034008 -0.000000 -6.509645
0.021000 43.263393 -0.000000 -6.508489
0.021000 43.492653 -0.000000 -6.505749
0.021000 43.721836 -0.000000 -6.502161
0.021000 43.950981 -0.000000 -6.498323
0.021000 44.180130 -0.000000 -6.494844
0.021000 44.409401 -0.000000 -6.493481
0.021000 44.638882 -0.000000 -6.494661
0.021000 44.868553 -0.000000 -6.497747
0.021000 45.098392 -0.000000 -6.502116
0.021000 45.328339 -0.000000 -6.506959
0.021000 45.558189 -0.000000 -6.510070
0.021000 45.787888 -0.000000 -6.511004
0.021000 46.017426 -0.000000 -6.509835
0.021000 46.246838 -0.000000 -6.507115
0.021000 46.476173 -0.000000 -6.503572
0.021000 46.705471 -0.000000 -6.499793
0.021000 46.901989 0.000000 -6.496608
0.021000 47.164017 0.000000 -6.492872
0.021000 47.393421 0.000000 -6.491776
0.021000 47.623013 0.000000 -6.493151
0.021000 47.852779 0.000000 -6.496354
0.021000 48.082699 0.000000 -6.500786
0.021000 48.312717 0.000000 -6.505663
0.021000 48.542641 0.000000 -6.508803
0.021000 48.772408 0.000000 -6.509768
0.021000 48.969219 0.000000 -6.508915
0.021000 49.231491 0.000000 -6.506013
0.021000 49.460896 0.000000 -6.502581
0.021000 49.690258 0.000000 -6.498922
0.021000 49.919598 0.000000 -6.495341
0.021000 50.148937 0.000000 -6.492240
0.021000 50.378395 0.000000 -6.491259
0.021000 50.608040 0.000000 -6.492716
0.021000 50.837860 0.000000 -6.495969
0.021000 51.067829 0.000000 -6.500432
0.021000 51.297894 0.000000 -6.505324
0.021000 51.527859 0.000000 -6.508479
0.021000 51.757668 0.000000 -6.509457
0.021000 51.987320 0.000000 -6.508354
0.021000 52.216846 0.000000 -6.505752
0.021000 52.446297 0.000000 -6.502358
0.021000 52.675705 0.000000 -6.498742
0.021000 52.905087 0.000000 -6.495204
0.021000 53.101696 0.000000 -6.492484
0.021000 53.363964 0.000000 -6.491207
0.021000 53.593636 0.000000 -6.492695
0.021000 53.823490 0.000000 -6.495965
0.021000 54.053493 0.000000 -6.500434
0.021000 54.283592 0.000000 -6.505327
0.021000 54.513596 0.000000 -6.508483
0.021000 54.743439 0.000000 -6.509461
0.021000 54.973118 0.000000 -6.508361
0.021000 55.202675 0.000000 -6.505772
0.021000 55.432159 0.000000 -6.502398
0.021000 55.661602 0.000000 -6.498805
0.021000 55.891018 0.000000 -6.495290
0.021000 56.120434 0.000000 -6.492257
0.021000 56.349972 0.000000 -6.491341
0.021000 56.579693 0.000000 -6.492845
0.021000 56.809574 0.000000 -6.496123
0.021000 57.039604 0.000000 -6.500593
0.021000 57.269730 0.000000 -6.505486
0.021000 57.499756 0.000000 -6.508639
0.021000 57.729626 0.000000 -6.509617
0.021000 57.959332 0.000000 -6.508519
0.021000 58.188915 0.000000 -6.505937
0.021000 58.418427 0.000000 -6.502573
0.021000 58.647892 0.000000 -6.498993
0.021000 58.877331 0.000000 -6.495492
0.021000 59.106770 0.000000 -6.492473
0.021000 59.336319 0.000000 -6.491571
0.021000 59.566044 0.000000 -6.493086
0.021000 59.795948 0.000000 -6.496367
0.021000 60.025997 0.000000 -6.500837
0.021000 60.256142 0.000000 -6.505728
0.021000 60.486187 0.000000 -6.508879
0.021000 60.683243 0.000000 -6.509847
0.021000 60.945797 0.000000 -6.508753
0.021000 61.175396 0.000000 -6.506174
0.021000 61.404926 0.000000 -6.502816
0.021000 61.634415 0.000000 -6.499242
0.021000 61.863873 0.000000 -6.495749
0.021000 62.093319 0.000000 -6.492738
0.021000 62.322887 0.000000 -6.491844
0.021000 62.519806 0.000000 -6.493021
0.021000 62.782562 0.000000 -6.496644
0.021000 63.012627 0.000000 -6.501112
0.021000 63.242786 0.000000 -6.506000
0.021000 63.472847 0.000000 -6.509148
0.021000 63.702751 0.000000 -6.510119
0.021000 63.932487 0.000000 -6.509017
0.021000 64.162102 0.000000 -6.506438
0.021000 64.391647 0.000000 -6.503083
0.021000 64.621140 0.000000 -6.499512
0.021000 64.850624 0.000000 -6.496022
0.021000 65.080093 0.000000 -6.493015
0.021000 65.309677 0.000000 -6.492125
0.021000 65.539444 0.000000 -6.493644
0.021000 65.769379 0.000000 -6.496925
0.021000 65.999451 0.000000 -6.501392
0.021000 66.229614 0.000000 -6.506276
0.021000 66.459686 0.000000 -6.509420
0.021000 66.689598 0.000000 -6.510388
0.021000 66.919350 0.000000 -6.509283
0.021000 67.148979 0.000000 -6.506703
0.021000 67.378532 0.000000 -6.503348
0.021000 67.608040 0.000000 -6.499778
0.021000 67.837524 0.000000 -6.496290
0.021000 68.067009 0.000000 -6.493284
0.021000 68.296600 0.000000 -6.492395
0.021000 68.526367 0.000000 -6.493915
0.021000 68.756310 0.000000 -6.497194
0.021000 68.986397 0.000000 -6.501658
0.021000 69.216576 0.000000 -6.506539
0.021000 69.446655 0.000000 -6.509680
0.021000 69.676575 0.000000 -6.510645
0.021000 69.906326 0.000000 -6.509538
0.021000 70.135963 0.000000 -6.506957
0.021000 70.365524 0.000000 -6.503601
0.021000 70.595047 0.000000 -6.500031
0.021000 70.824532 0.000000 -6.496542
0.021000 71.054024 0.000000 -6.493536
0.021000 71.283630 0.000000 -6.492648
0.021000 71.480583 0.000000 -6.493826
0.021000 71.743370 0.000000 -6.497445
0.021000 71.973457 0.000000 -6.501906
0.021000 72.203636 0.000000 -6.506783
0.021000 72.433716 0.000000 -6.509922
0.021000 72.663643 0.000000 -6.510883
0.021000 72.893402 0.000000 -6.509773
0.021000 73.123039 0.000000 -6.507191
0.021000 73.352608 0.000000 -6.503834
0.021000 73.582138 0.000000 -6.500263
0.021000 73.811623 0.000000 -6.496774
0.021000 74.041115 0.000000 -6.493767
0.021000 74.270721 0.000000 -6.492878
0.021000 74.500511 0.000000 -6.494395
0.021000 74.730469 0.000000 -6.497670
0.021000 74.960564 0.000000 -6.502128
0.021000 75.190758 0.000000 -6.507002
0.021000 75.420845 0.000000 -6.510137
0.021000 75.650772 0.000000 -6.511095
0.021000 75.880547 0.000000 -6.509982
0.021000 76.110199 0.000000 -6.507397
0.021000 76.339767 0.000000 -6.504038
0.021000 76.569305 0.000000 -6.500466
0.021000 76.798790 0.000000 -6.496976
0.021000 77.028290 -0.000000 -6.493968
0.021000 77.257904 -0.000000 -6.493078
0.021000 77.487694 -0.000000 -6.494594
0.021000 77.717651 -0.000000 -6.497868
0.021000 77.947754 -0.000000 -6.502325
0.021000 78.177948 -0.000000 -6.507198
0.021000 78.408043 -0.000000 -6.510332
0.021000 78.637978 -0.000000 -6.511290
0.021000 78.867752 -0.000000 -6.510174
0.021000 79.097404 -0.000000 -6.507588
0.021000 79.326981 -0.000000 -6.504228
0.021000 79.556519 -0.000000 -6.500654
0.021000 79.786011 -0.000000 -6.497162
0.021000 80.015511 -0.000000 -6.494152
0.021000 80.245125 -0.000000 -6.493260
0.021000 80.474915 -0.000000 -6.494775
0.021000 80.704880 -0.000000 -6.498047
0.021000 80.934990 -0.000000 -6.502502
0.021000 81.165192 -0.000000 -6.507373
0.021000 81.395287 -0.000000 -6.510504
0.021000 81.625229 -0.000000 -6.511459
0.021000 81.855003 -0.000000 -6.510344
0.021000 82.084656 -0.000000 -6.507755
0.021000 82.314232 -0.000000 -6.504395


Running multirotor: 
0.021000 0.000000 0.000000 -6.997871
0.021000 0.000017 0.000000 -6.997508
0.021000 0.000219 0.000000 -6.997130
0.021000 0.000883 0.000000 -6.996840
0.021000 0.002226 0.000000 -6.996564
0.021000 0.004454 0.000000 -6.996209
0.021000 0.007765 0.000000 -6.995657
0.021000 0.012309 0.000000 -6.994791
0.021000 0.018203 0.000000 -6.993498
0.021000 0.025544 0.000000 -6.991667
0.021000 0.034411 0.000000 -6.989197
0.021000 0.044866 0.000000 -6.985996
0.021000 0.056962 0.000000 -6.981988
0.021000 0.070743 0.000000 -6.977107
0.021000 0.086248 0.000000 -6.971299
0.021000 0.103512 0.000000 -6.964522
0.021000 0.122567 0.000000 -6.956744
0.021000 0.143444 0.000000 -6.947942
0.021000 0.166173 0.000000 -6.938103
0.021000 0.190781 0.000000 -6.927220
0.021000 0.217296 0.000000 -6.915292
0.021000 0.245745 0.000000 -6.902324
0.021000 0.276154 0.000000 -6.888324
0.021000 0.308549 0.000000 -6.873304
0.021000 0.342955 0.000000 -6.857281
0.021000 0.379395 0.000000 -6.840280
0.021000 0.417900 0.000000 -6.822356
0.021000 0.458505 0.000000 -6.803592
0.021000 0.501243 0.000000 -6.784065
0.021000 0.546143 0.000000 -6.763855
0.021000 0.593229 0.000000 -6.743040
0.021000 0.642519 0.000000 -6.721693
0.021000 0.694027 0.000000 -6.699882
0.021000 0.747765 0.000000 -6.677670
0.021000 0.803737 0.000000 -6.655116
0.021000 0.861948 0.000000 -6.632274
0.021000 0.922398 0.000000 -6.609194
0.021000 0.985085 0.000000 -6.585925
0.021000 1.050004 0.000000 -6.562509
0.021000 1.117151 0.000000 -6.538990
0.021000 1.186516 0.000000 -6.515406
0.021000 1.258091 0.000000 -6.491794
0.021000 1.331905 0.000000 -6.468264
0.021000 1.408374 0.000000 -6.445655
0.021000 1.487955 0.000000 -6.424717
0.021000 1.570773 0.000000 -6.405474
0.021000 1.656994 0.000000 -6.388101
0.021000 1.746675 0.000000 -6.372594
0.021000 1.839835 0.000000 -6.358882
0.021000 1.936525 0.000000 -6.346964
0.021000 2.036763 0.000000 -6.336805
0.021000 2.140544 0.000000 -6.328338
0.021000 2.247874 0.000000 -6.321519
0.021000 2.358753 0.000000 -6.316306
0.021000 2.473168 0.000000 -6.312643
0.021000 2.591109 0.000000 -6.310482
0.021000 2.712560 0.000000 -6.309774
0.021000 2.837499 0.000000 -6.310463
0.021000 2.965870 0.000000 -6.312446
0.021000 3.097630 0.000000 -6.315657
0.021000 3.232767 0.000000 -6.320101
0.021000 3.371240 0.000000 -6.325760
0.021000 3.512997 0.000000 -6.332605
0.021000 3.657994 0.000000 -6.340627
0.021000 3.806175 0.000000 -6.349815
0.021000 3.957485 0.000000 -6.360158
0.021000 4.111867 0.000000 -6.371647
0.021000 4.269262 0.000000 -6.384276
0.021000 4.429610 0.000000 -6.398041
0.021000 4.592850 0.000000 -6.412937
0.021000 4.758923 0.000000 -6.428963
0.021000 4.927767 0.000000 -6.446115
0.021000 5.099323 0.000000 -6.464395
0.021000 5.273530 0.000000 -6.483802
0.021000 5.450327 0.000000 -6.504336
0.021000 5.629542 0.000000 -6.525760
0.021000 5.809891 0.000000 -6.545570
0.021000 5.990613 0.000000 -6.562373
0.021000 6.145782 0.000000 -6.574481
0.021000 6.353033 0.000000 -6.587426
0.021000 6.534704 0.000000 -6.595873
0.021000 6.716665 0.000000 -6.601742
0.021000 6.898906 0.000000 -6.605107
0.021000 7.081416 0.000000 -6.606026
0.021000 7.264185 0.000000 -6.604550
0.021000 7.447203 0.000000 -6.600724
0.021000 7.630464 0.000000 -6.594582
0.021000 7.813959 0.000000 -6.586153
0.021000 7.997683 0.000000 -6.575463
0.021000 8.181630 0.000000 -6.562538
0.021000 8.365795 0.000000 -6.547394
0.021000 8.550174 0.000000 -6.530048
0.021000 8.734761 0.000000 -6.510517
0.021000 8.919552 0.000000 -6.488812
0.021000 9.104594 -0.000000 -6.465211
0.021000 9.290419 -0.000000 -6.442387
0.021000 9.477407 -0.000000 -6.421805
0.021000 9.665689 -0.000000 -6.403483
0.021000 9.855407 -0.000000 -6.387722
0.021000 10.019211 -0.000000 -6.376270
0.021000 10.239351 -0.000000 -6.363833
0.021000 10.433643 -0.000000 -6.355629
0.021000 10.629514 -0.000000 -6.349914
0.021000 10.826963 -0.000000 -6.346629
0.021000 11.025990 -0.000000 -6.345749
0.021000 11.226591 -0.000000 -6.347251
0.021000 11.428750 -0.000000 -6.351098
0.021000 11.632451 -0.000000 -6.357263
0.021000 11.837675 -0.000000 -6.365716
0.021000 12.044398 -0.000000 -6.376430
0.021000 12.252596 -0.000000 -6.389375
0.021000 12.462240 -0.000000 -6.404524
0.021000 12.673303 -0.000000 -6.421848
0.021000 12.885688 -0.000000 -6.441067
0.021000 13.099183 -0.000000 -6.461424
0.021000 13.313608 -0.000000 -6.482286
0.021000 13.528843 -0.000000 -6.503242
0.021000 13.744762 -0.000000 -6.523850
0.021000 13.960917 -0.000000 -6.542332
0.021000 14.177143 -0.000000 -6.558209
0.021000 14.393406 -0.000000 -6.571593
0.021000 14.609693 -0.000000 -6.582554
0.021000 14.825986 -0.000000 -6.591148
0.021000 15.042271 -0.000000 -6.597429
0.021000 15.258534 -0.000000 -6.601433
0.021000 15.474767 -0.000000 -6.603190
0.021000 15.690960 -0.000000 -6.602727
0.021000 15.907106 -0.000000 -6.600064
0.021000 16.123205 -0.000000 -6.595218
0.021000 16.339245 -0.000000 -6.588204
0.021000 16.555227 -0.000000 -6.579035
0.021000 16.771147 -0.000000 -6.567720
0.021000 16.987001 -0.000000 -6.554274
0.021000 17.202829 -0.000000 -6.539045
0.021000 17.418709 -0.000000 -6.522848
0.021000 17.634710 -0.000000 -6.506333
0.021000 17.850872 -0.000000 -6.489931
0.021000 18.067234 -0.000000 -6.474030
0.021000 18.283945 -0.000000 -6.459969
0.021000 18.501141 -0.000000 -6.448501
0.021000 18.718903 -0.000000 -6.439661
0.021000 18.937292 -0.000000 -6.433615
0.021000 19.156342 -0.000000 -6.430361
0.021000 19.376085 -0.000000 -6.429847
0.021000 19.596548 -0.000000 -6.432089
0.021000 19.817745 -0.000000 -6.437059
0.021000 20.039642 -0.000000 -6.444421
0.021000 20.262138 -0.000000 -6.453415
0.021000 20.485138 -0.000000 -6.463420
0.021000 20.708584 -0.000000 -6.474019
0.021000 20.932436 -0.000000 -6.484935
0.021000 21.156664 -0.000000 -6.495986
0.021000 21.381250 -0.000000 -6.507055
0.021000 21.606153 -0.000000 -6.517895
0.021000 21.831118 -0.000000 -6.526923
0.021000 22.056036 -0.000000 -6.533648
0.021000 22.280880 -0.000000 -6.538115
0.021000 22.505638 -0.000000 -6.540353
0.021000 22.730295 -0.000000 -6.540389
0.021000 22.954838 -0.000000 -6.538244
0.021000 23.179262 -0.000000 -6.533935
0.021000 23.403568 -0.000000 -6.527566
0.021000 23.627813 -0.000000 -6.519824
0.021000 23.852057 -0.000000 -6.511475
0.021000 24.076334 -0.000000 -6.503000
0.021000 24.300665 -0.000000 -6.494692
0.021000 24.525070 -0.000000 -6.486852
0.021000 24.749680 -0.000000 -6.480919
0.021000 24.974598 -0.000000 -6.477636
0.021000 25.199888 -0.000000 -6.477036
0.021000 25.425594 -0.000000 -6.479160
0.021000 25.619360 -0.000000 -6.482707
0.021000 25.878086 -0.000000 -6.489103
0.021000 26.104780 -0.000000 -6.495721
0.021000 26.331732 -0.000000 -6.502934
0.021000 26.558907 -0.000000 -6.510334
0.021000 26.786077 -0.000000 -6.516088
0.021000 27.013151 -0.000000 -6.519617
0.021000 27.240103 -0.000000 -6.520943
0.021000 27.466927 -0.000000 -6.520085
0.021000 27.693611 -0.000000 -6.517068
0.021000 27.920187 -0.000000 -6.512257
0.021000 28.146711 -0.000000 -6.506490
0.021000 28.373226 -0.000000 -6.500366
0.021000 28.599758 -0.000000 -6.494269
0.021000 28.826328 -0.000000 -6.488564
0.021000 29.053062 -0.000000 -6.484770
0.021000 29.280058 -0.000000 -6.483640
0.021000 29.507368 -0.000000 -6.485100
0.021000 29.734970 -0.000000 -6.488641
0.021000 29.962822 -0.000000 -6.493587
0.021000 30.190899 -0.000000 -6.499458
0.021000 30.419161 -0.000000 -6.505739
0.021000 30.647388 -0.000000 -6.510445
0.021000 30.875498 -0.000000 -6.512949
0.021000 31.103466 -0.000000 -6.513268
0.021000 31.331289 -0.000000 -6.511419
0.021000 31.558985 -0.000000 -6.507692
0.021000 31.754095 -0.000000 -6.503664
0.021000 32.014217 -0.000000 -6.497871
0.021000 32.241840 -0.000000 -6.492944
0.021000 32.437046 -0.000000 -6.490150
0.021000 32.697598 -0.000000 -6.489460
0.021000 32.925880 -0.000000 -6.491486
0.021000 33.154404 -0.000000 -6.495306
0.021000 33.383141 -0.000000 -6.500319
0.021000 33.612041 -0.000000 -6.505917
0.021000 33.840893 -0.000000 -6.509988
0.021000 34.069614 -0.000000 -6.511871
0.021000 34.298183 -0.000000 -6.511577
0.021000 34.526604 -0.000000 -6.509194
0.021000 34.754921 -0.000000 -6.505352
0.021000 34.983185 -0.000000 -6.500875
0.021000 35.211441 -0.000000 -6.496275
0.021000 35.439705 -0.000000 -6.491949
0.021000 35.668095 -0.000000 -6.489511
0.021000 35.864033 -0.000000 -6.489542
0.021000 36.125561 -0.000000 -6.492209
0.021000 36.354618 -0.000000 -6.496269
0.021000 36.583858 -0.000000 -6.501375
0.021000 36.813236 -0.000000 -6.506974
0.021000 37.042561 -0.000000 -6.511030
0.021000 37.271744 -0.000000 -6.512901
0.021000 37.500771 -0.000000 -6.512597
0.021000 37.729649 -0.000000 -6.510258
0.021000 37.958424 -0.000000 -6.506579
0.021000 38.187145 -0.000000 -6.502343
0.021000 38.415852 -0.000000 -6.498022
0.021000 38.644550 -0.000000 -6.493993
0.021000 38.873367 -0.000000 -6.491864
0.021000 39.102402 -0.000000 -6.492372
0.021000 39.331646 -0.000000 -6.495030
0.021000 39.561077 -0.000000 -6.499159
0.021000 39.790653 -0.000000 -6.504051
0.021000 40.020164 -0.000000 -6.507466
0.021000 40.249531 -0.000000 -6.508705
0.021000 40.478737 -0.000000 -6.507801
0.021000 40.707813 -0.000000 -6.505191
0.021000 40.936810 -0.000000 -6.501613
0.021000 41.165764 -0.000000 -6.497703
0.021000 41.394711 -0.000000 -6.493989
0.021000 41.623772 -0.000000 -6.492168
0.021000 41.853039 -0.000000 -6.492951
0.021000 42.082523 -0.000000 -6.495781
0.021000 42.312176 -0.000000 -6.500000
0.021000 42.541958 -0.000000 -6.504929
0.021000 42.771671 -0.000000 -6.508370
0.021000 43.001236 -0.000000 -6.509636
0.021000 43.230644 -0.000000 -6.508763
0.021000 43.459919 -0.000000 -6.506203
0.021000 43.689110 -0.000000 -6.502695
0.021000 43.918259 -0.000000 -6.498866
0.021000 44.147400 -0.000000 -6.495237
0.021000 44.376648 -0.000000 -6.493505
0.021000 44.606098 -0.000000 -6.494353
0.021000 44.835743 -0.000000 -6.497210
0.021000 45.065559 -0.000000 -6.501426
0.021000 45.295502 -0.000000 -6.506335
0.021000 45.525375 -0.000000 -6.509753
0.021000 45.755096 -0.000000 -6.510998
0.021000 45.984653 -0.000000 -6.510109
0.021000 46.214081 -0.000000 -6.507565
0.021000 46.443424 -0.000000 -6.504098
0.021000 46.672726 -0.000000 -6.500327
0.021000 46.902000 -0.000000 -6.496603
0.021000 47.131271 -0.000000 -6.493227
0.021000 47.360649 -0.000000 -6.491766
0.021000 47.590214 -0.000000 -6.492821
0.021000 47.819958 -0.000000 -6.495804
0.021000 48.049858 -0.000000 -6.500090
0.021000 48.279873 -0.000000 -6.505035
0.021000 48.509815 -0.000000 -6.508483
0.021000 48.739605 -0.000000 -6.509758
0.021000 48.969231 -0.000000 -6.508911
0.021000 49.198727 -0.000000 -6.506449
0.021000 49.428139 -0.000000 -6.503092
0.021000 49.657505 -0.000000 -6.499440
0.021000 49.886848 -0.000000 -6.495838
0.021000 50.116180 -0.000000 -6.492580
0.021000 50.312828 -0.000000 -6.491267
0.021000 50.575233 -0.000000 -6.492378
0.021000 50.805031 -0.000000 -6.495415
0.021000 51.034981 -0.000000 -6.499732
0.021000 51.265041 -0.000000 -6.504693
0.021000 51.495026 -0.000000 -6.508154
0.021000 51.724857 -0.000000 -6.509441
0.021000 51.954533 -0.000000 -6.508610
0.021000 52.184074 -0.000000 -6.506176
0.021000 52.413532 -0.000000 -6.502856
0.021000 52.642944 -0.000000 -6.499247
0.021000 52.872330 -0.000000 -6.495687
0.021000 53.101707 -0.000000 -6.492472
0.021000 53.331181 -0.000000 -6.491170
0.021000 53.560825 -0.000000 -6.492347
0.021000 53.790657 -0.000000 -6.495402
0.021000 54.020638 -0.000000 -6.499728
0.021000 54.250736 -0.000000 -6.504691
0.021000 54.447906 -0.000000 -6.507792
0.021000 54.710625 -0.000000 -6.509443
0.021000 54.940327 -0.000000 -6.508616
0.021000 55.169899 -0.000000 -6.506195
0.021000 55.399391 -0.000000 -6.502893
0.021000 55.628838 -0.000000 -6.499307
0.021000 55.858257 -0.000000 -6.495772
0.021000 56.087666 -0.000000 -6.492580
0.021000 56.317181 -0.000000 -6.491302
0.021000 56.546879 -0.000000 -6.492496
0.021000 56.776737 -0.000000 -6.495561
0.021000 57.006744 -0.000000 -6.499890
0.021000 57.236870 -0.000000 -6.504852
0.021000 57.466915 -0.000000 -6.508314
0.021000 57.696808 -0.000000 -6.509602
0.021000 57.926537 -0.000000 -6.508776
0.021000 58.156136 -0.000000 -6.506360
0.021000 58.385654 -0.000000 -6.503070
0.021000 58.615124 -0.000000 -6.499496
0.021000 58.811790 -0.000000 -6.496469
0.021000 59.074001 -0.000000 -6.492797
0.021000 59.303528 -0.000000 -6.491534
0.021000 59.533226 -0.000000 -6.492739
0.021000 59.763107 -0.000000 -6.495808
0.021000 59.993137 -0.000000 -6.500136
0.021000 60.223278 -0.000000 -6.505096
0.021000 60.453342 -0.000000 -6.508555
0.021000 60.683254 -0.000000 -6.509841
0.021000 60.912998 -0.000000 -6.509013
0.021000 61.142612 -0.000000 -6.506600
0.021000 61.372150 -0.000000 -6.503314
0.021000 61.601643 -0.000000 -6.499746
0.021000 61.831104 -0.000000 -6.496232
0.021000 62.060547 -0.000000 -6.493063
0.021000 62.290092 -0.000000 -6.491807
0.021000 62.519817 -0.000000 -6.493016
0.021000 62.749718 -0.000000 -6.496085
0.021000 62.979763 -0.000000 -6.500413
0.021000 63.209923 -0.000000 -6.505370
0.021000 63.440002 -0.000000 -6.508826
0.021000 63.669930 -0.000000 -6.510108
0.021000 63.899689 -0.000000 -6.509277
0.021000 64.129318 -0.000000 -6.506864
0.021000 64.358871 -0.000000 -6.503581
0.021000 64.588371 -0.000000 -6.500017
0.021000 64.817856 -0.000000 -6.496506
0.021000 65.047325 -0.000000 -6.493340
0.021000 65.276886 -0.000000 -6.492089
0.021000 65.506622 -0.000000 -6.493300
0.021000 65.736534 -0.000000 -6.496369
0.021000 65.966591 -0.000000 -6.500695
0.021000 66.196754 -0.000000 -6.505649
0.021000 66.426842 -0.000000 -6.509101
0.021000 66.656776 -0.000000 -6.510380
0.021000 66.886551 -0.000000 -6.509545
0.021000 67.116196 -0.000000 -6.507131
0.021000 67.345757 -0.000000 -6.503848
0.021000 67.575272 -0.000000 -6.500284
0.021000 67.804756 -0.000000 -6.496775
0.021000 68.034241 -0.000000 -6.493610
0.021000 68.263809 -0.000000 -6.492360
0.021000 68.493546 -0.000000 -6.493571
0.021000 68.690613 -0.000000 -6.496112
0.021000 68.953537 -0.000000 -6.500962
0.021000 69.183708 -0.000000 -6.505913
0.021000 69.413811 -0.000000 -6.509362
0.021000 69.643753 -0.000000 -6.510637
0.021000 69.873528 -0.000000 -6.509800
0.021000 70.103180 -0.000000 -6.507380
0.021000 70.332748 -0.000000 -6.504090
0.021000 70.562279 -0.000000 -6.500519
0.021000 70.791763 -0.000000 -6.497001
0.021000 71.021248 -0.000000 -6.493827
0.021000 71.250832 -0.000000 -6.492567
0.021000 71.480598 -0.000000 -6.493771
0.021000 71.710526 -0.000000 -6.496833
0.021000 71.940598 -0.000000 -6.501151
0.021000 72.170769 -0.000000 -6.506098
0.021000 72.400871 -0.000000 -6.509543
0.021000 72.630821 -0.000000 -6.510816
0.021000 72.860603 -0.000000 -6.509976
0.021000 73.090256 -0.000000 -6.507560
0.021000 73.319832 -0.000000 -6.504276
0.021000 73.549370 -0.000000 -6.500712
0.021000 73.778854 -0.000000 -6.497204
0.021000 74.008339 -0.000000 -6.494041
0.021000 74.237923 -0.000000 -6.492791
0.021000 74.467690 -0.000000 -6.494002
0.021000 74.697624 0.000000 -6.497068
0.021000 74.927696 0.000000 -6.501387
0.021000 75.157890 0.000000 -6.506332
0.021000 75.388000 0.000000 -6.509777
0.021000 75.617950 0.000000 -6.511048
0.021000 75.814926 0.000000 -6.510442
0.021000 76.077415 0.000000 -6.507789
0.021000 76.306992 0.000000 -6.504504
0.021000 76.536530 0.000000 -6.500939
0.021000 76.766022 0.000000 -6.497428
0.021000 76.995514 0.000000 -6.494264
0.021000 77.225105 0.000000 -6.493012
0.021000 77.454872 0.000000 -6.494222
0.021000 77.684814 0.000000 -6.497285
0.021000 77.914894 0.000000 -6.501602
0.021000 78.145088 0.000000 -6.506546
0.021000 78.375206 0.000000 -6.509987
0.021000 78.605164 0.000000 -6.511256
0.021000 78.834961 0.000000 -6.510414
0.021000 79.064629 0.000000 -6.507993
0.021000 79.294212 0.000000 -6.504706
0.021000 79.523750 0.000000 -6.501139
0.021000 79.753250 0.000000 -6.497627
0.021000 79.982742 0.000000 -6.494460
0.021000 80.212334 0.000000 -6.493206
0.021000 80.442101 0.000000 -6.494414
0.021000 80.672043 0.000000 -6.497476
0.021000 80.902130 0.000000 -6.501790
0.021000 81.132332 0.000000 -6.506731
0.021000 81.362450 0.000000 -6.510170


Running multirotor: 
0.021000 0.000000 0.000000 -6.997843
0.021000 0.000028 0.000000 -6.997447
0.021000 0.000279 0.000000 -6.997085
0.021000 0.001029 0.000000 -6.996801
0.021000 0.002485 0.000000 -6.996521
0.021000 0.004857 0.000000 -6.996145
0.021000 0.008336 0.000000 -6.995555
0.021000 0.013066 0.000000 -6.994635
0.021000 0.019161 0.000000 -6.993272
0.021000 0.026716 0.000000 -6.991356
0.021000 0.035806 0.000000 -6.988786
0.021000 0.046493 0.000000 -6.985475
0.021000 0.058827 0.000000 -6.981346
0.021000 0.072851 0.000000 -6.976335
0.021000 0.088606 0.000000 -6.970391
0.021000 0.106124 0.000000 -6.963473
0.021000 0.125437 0.000000 -6.955550
0.021000 0.146577 0.000000 -6.946600
0.021000 0.169572 0.000000 -6.936612
0.021000 0.194451 0.000000 -6.925580
0.021000 0.221241 0.000000 -6.913503
0.021000 0.245745 0.000000 -6.902324
0.021000 0.280660 0.000000 -6.886240
0.021000 0.313341 0.000000 -6.871076
0.021000 0.348036 0.000000 -6.854911
0.021000 0.384769 0.000000 -6.837774
0.021000 0.423571 0.000000 -6.819725
0.021000 0.464479 0.000000 -6.800847
0.021000 0.507525 0.000000 -6.781218
0.021000 0.552735 0.000000 -6.760916
0.021000 0.600135 0.000000 -6.740021
0.021000 0.649741 0.000000 -6.718604
0.021000 0.701567 0.000000 -6.696732
0.021000 0.755624 0.000000 -6.674468
0.021000 0.811916 0.000000 -6.651869
0.021000 0.861948 0.000000 -6.632274
0.021000 0.931217 0.000000 -6.605881
0.021000 0.994223 0.000000 -6.582587
0.021000 1.059461 0.000000 -6.559155
0.021000 1.126924 0.000000 -6.535624
0.021000 1.196606 0.000000 -6.512033
0.021000 1.268496 0.000000 -6.488420
0.021000 1.342654 0.000000 -6.464954
0.021000 1.419548 0.000000 -6.442560
0.021000 1.499582 0.000000 -6.421859
0.021000 1.582880 0.000000 -6.402878
0.021000 1.669592 0.000000 -6.385773
0.021000 1.759769 0.000000 -6.370526
0.021000 1.853431 0.000000 -6.357069
0.021000 1.950628 0.000000 -6.345407
0.021000 2.051371 0.000000 -6.335493
0.021000 2.155659 0.000000 -6.327263
0.021000 2.263497 0.000000 -6.320677
0.021000 2.374881 0.000000 -6.315689
0.021000 2.489801 0.000000 -6.312243
0.021000 2.608245 0.000000 -6.310293
0.021000 2.730195 0.000000 -6.309788
0.021000 2.855629 0.000000 -6.310669
0.021000 2.984485 0.000000 -6.312829
0.021000 3.116729 0.000000 -6.316216
0.021000 3.252346 0.000000 -6.320836
0.021000 3.391290 0.000000 -6.326665
0.021000 3.533514 0.000000 -6.333679
0.021000 3.678968 0.000000 -6.341868
0.021000 3.827600 0.000000 -6.351222
0.021000 3.979353 0.000000 -6.361729
0.021000 4.134169 0.000000 -6.373381
0.021000 4.291990 0.000000 -6.386173
0.021000 4.452754 0.000000 -6.400099
0.021000 4.616404 0.000000 -6.415157
0.021000 4.782876 0.000000 -6.431344
0.021000 4.952111 0.000000 -6.448657
0.021000 5.124049 0.000000 -6.467097
0.021000 5.298631 0.000000 -6.486665
0.021000 5.475794 0.000000 -6.507360
0.021000 5.655272 0.000000 -6.528753
0.021000 5.835690 0.000000 -6.548151
0.021000 6.016462 0.000000 -6.564536
0.021000 6.197560 0.000000 -6.578053
0.021000 6.378971 0.000000 -6.588792
0.021000 6.560685 0.000000 -6.596865
0.021000 6.742687 0.000000 -6.602371
0.021000 6.924968 0.000000 -6.605383
0.021000 7.081422 0.000000 -6.606022
0.021000 7.290322 0.000000 -6.604143
0.021000 7.473376 0.000000 -6.599983
0.021000 7.656671 0.000000 -6.593513
0.021000 7.840200 0.000000 -6.584759
0.021000 8.023957 0.000000 -6.573749
0.021000 8.207937 0.000000 -6.560504
0.021000 8.392134 0.000000 -6.545045
0.021000 8.576542 0.000000 -6.527387
0.021000 8.761159 0.000000 -6.507544
0.021000 8.945978 0.000000 -6.485529
0.021000 9.131091 0.000000 -6.461837
0.021000 9.317069 0.000000 -6.439303
0.021000 9.504235 0.000000 -6.419037
0.021000 9.692716 0.000000 -6.401067
0.021000 9.882644 0.000000 -6.385678
0.021000 10.074073 0.000000 -6.372854
0.021000 10.267026 0.000000 -6.362502
0.021000 10.461544 0.000000 -6.354656
0.021000 10.657640 0.000000 -6.349291
0.021000 10.855315 0.000000 -6.346350
0.021000 11.054568 0.000000 -6.345813
0.021000 11.255392 0.000000 -6.347651
0.021000 11.457772 0.000000 -6.351832
0.021000 11.661693 0.000000 -6.358325
0.021000 11.867132 0.000000 -6.367103
0.021000 12.074068 0.000000 -6.378137
0.021000 12.282475 0.000000 -6.391399
0.021000 12.492323 0.000000 -6.406862
0.021000 12.703584 0.000000 -6.424488
0.021000 12.916142 0.000000 -6.443917
0.021000 13.129779 0.000000 -6.464379
0.021000 13.344326 0.000000 -6.485276
0.021000 13.559669 0.000000 -6.506220
0.021000 13.775649 0.000000 -6.526639
0.021000 13.991814 0.000000 -6.544734
0.021000 14.208043 0.000000 -6.560241
0.021000 14.424308 0.000000 -6.573267
0.021000 14.640594 0.000000 -6.583877
0.021000 14.856887 0.000000 -6.592131
0.021000 15.073167 0.000000 -6.598076
0.021000 15.289425 0.000000 -6.601750
0.021000 15.505651 0.000000 -6.603181
0.021000 15.721837 0.000000 -6.602395
0.021000 15.937977 0.000000 -6.599411
0.021000 16.154064 0.000000 -6.594247
0.021000 16.370094 0.000000 -6.586917
0.021000 16.586067 0.000000 -6.577434
0.021000 16.801975 0.000000 -6.565805
0.021000 17.017820 0.000000 -6.552059
0.021000 17.202814 0.000000 -6.538912
0.021000 17.449543 0.000000 -6.520363
0.021000 17.665565 0.000000 -6.503847
0.021000 17.881752 0.000000 -6.487490
0.021000 18.098152 0.000000 -6.471759
0.021000 18.314924 0.000000 -6.458060
0.021000 18.532196 0.000000 -6.446965
0.021000 18.750044 0.000000 -6.438524
0.021000 18.968527 0.000000 -6.432884
0.021000 19.187674 0.000000 -6.430028
0.021000 19.407518 0.000000 -6.429912
0.021000 19.628086 0.000000 -6.432553
0.021000 19.849386 0.000000 -6.437905
0.021000 20.071377 0.000000 -6.445552
0.021000 20.293949 0.000000 -6.454726
0.021000 20.517015 0.000000 -6.464839
0.021000 20.740520 0.000000 -6.475497
0.021000 20.964424 0.000000 -6.486442
0.021000 21.188702 0.000000 -6.497502
0.021000 21.413336 0.000000 -6.508565
0.021000 21.638264 0.000000 -6.519255
0.021000 21.863224 0.000000 -6.527949
0.021000 22.088133 0.000000 -6.534346
0.021000 22.312963 0.000000 -6.538489
0.021000 22.537708 0.000000 -6.540408
0.021000 22.762348 0.000000 -6.540128
0.021000 22.986874 0.000000 -6.537669
0.021000 23.211279 0.000000 -6.533049
0.021000 23.435570 0.000000 -6.526428
0.021000 23.659811 0.000000 -6.518558
0.021000 23.884056 0.000000 -6.510168
0.021000 24.108339 0.000000 -6.501705
0.021000 24.332680 0.000000 -6.493438
0.021000 24.557104 0.000000 -6.485767
0.021000 24.781750 0.000000 -6.480204
0.021000 25.006718 0.000000 -6.477300
0.021000 25.232067 0.000000 -6.477101
0.021000 25.457830 0.000000 -6.479580
0.021000 25.683962 0.000000 -6.484082
0.021000 25.910412 0.000000 -6.489929
0.021000 26.137142 0.000000 -6.496652
0.021000 26.364130 0.000000 -6.503931
0.021000 26.591318 0.000000 -6.511223
0.021000 26.818476 0.000000 -6.516662
0.021000 27.045532 0.000000 -6.519876
0.021000 27.272467 0.000000 -6.520890
0.021000 27.499269 0.000000 -6.519724
0.021000 27.725935 0.000000 -6.516409
0.021000 27.952499 0.000000 -6.511414
0.021000 28.179018 0.000000 -6.505567
0.021000 28.405533 0.000000 -6.499428
0.021000 28.632067 0.000000 -6.493358
0.021000 28.858650 0.000000 -6.487815
0.021000 29.085413 0.000000 -6.484391
0.021000 29.312450 0.000000 -6.483641
0.021000 29.539804 0.000000 -6.485445
0.021000 29.767445 0.000000 -6.489224
0.021000 29.995331 0.000000 -6.494328
0.021000 30.223436 0.000000 -6.500303
0.021000 30.451708 0.000000 -6.506496
0.021000 30.679920 0.000000 -6.510890
0.021000 30.908010 0.000000 -6.513082
0.021000 31.135958 0.000000 -6.513091
0.021000 31.363760 0.000000 -6.510939
0.021000 31.591442 0.000000 -6.507013
0.021000 31.819065 0.000000 -6.502196
0.021000 32.046669 0.000000 -6.497097
0.021000 32.274300 0.000000 -6.492315
0.021000 32.502087 0.000000 -6.489612
0.021000 32.730125 0.000000 -6.489573
0.021000 32.958439 0.000000 -6.491900
0.021000 33.186996 0.000000 -6.495923
0.021000 33.415760 0.000000 -6.501070
0.021000 33.644669 0.000000 -6.506593
0.021000 33.873505 0.000000 -6.510356
0.021000 34.102203 0.000000 -6.511929
0.021000 34.330750 0.000000 -6.511325
0.021000 34.559155 0.000000 -6.508681
0.021000 34.787460 0.000000 -6.504703
0.021000 35.015720 0.000000 -6.500187
0.021000 35.211369 0.000000 -6.496245
0.021000 35.472248 0.000000 -6.491420
0.021000 35.700665 0.000000 -6.489353
0.021000 35.929314 0.000000 -6.489933
0.021000 36.158199 0.000000 -6.492681
0.021000 36.387283 0.000000 -6.496918
0.021000 36.616543 0.000000 -6.502142
0.021000 36.845928 0.000000 -6.507659
0.021000 37.075233 0.000000 -6.511406
0.021000 37.304394 0.000000 -6.512965
0.021000 37.533401 0.000000 -6.512352
0.021000 37.762260 0.000000 -6.509770
0.021000 37.991024 0.000000 -6.505969
0.021000 38.219742 0.000000 -6.501700
0.021000 38.448444 0.000000 -6.497390
0.021000 38.677151 0.000000 -6.493515
0.021000 38.905994 0.000000 -6.491755
0.021000 39.135063 0.000000 -6.492614
0.021000 39.331570 0.000000 -6.495008
0.021000 39.593792 0.000000 -6.499815
0.021000 39.823372 0.000000 -6.504647
0.021000 40.052864 0.000000 -6.507754
0.021000 40.282207 0.000000 -6.508682
0.021000 40.511391 0.000000 -6.507494
0.021000 40.740456 0.000000 -6.504701
0.021000 40.969444 0.000000 -6.501041
0.021000 41.198395 0.000000 -6.497122
0.021000 41.427349 0.000000 -6.493557
0.021000 41.656433 0.000000 -6.492106
0.021000 41.885735 0.000000 -6.493228
0.021000 42.115246 0.000000 -6.496293
0.021000 42.344921 0.000000 -6.500669
0.021000 42.574707 0.000000 -6.505537
0.021000 42.804401 0.000000 -6.508673
0.021000 43.033947 0.000000 -6.509632
0.021000 43.263332 0.000000 -6.508478
0.021000 43.492592 0.000000 -6.505740
0.021000 43.721775 0.000000 -6.502152
0.021000 43.950920 0.000000 -6.498315
0.021000 44.147327 0.000000 -6.495235
0.021000 44.409340 0.000000 -6.493474
0.021000 44.638821 0.000000 -6.494654
0.021000 44.868492 0.000000 -6.497743
0.021000 45.098331 0.000000 -6.502115
0.021000 45.328278 0.000000 -6.506959
0.021000 45.558128 0.000000 -6.510072
0.021000 45.787827 0.000000 -6.511007
0.021000 46.017365 0.000000 -6.509840
0.021000 46.246777 0.000000 -6.507121
0.021000 46.476112 0.000000 -6.503578
0.021000 46.705410 0.000000 -6.499799
0.021000 46.934681 0.000000 -6.496096
0.021000 47.163956 0.000000 -6.492878
0.021000 47.393360 0.000000 -6.491783
0.021000 47.622952 0.000000 -6.493157
0.021000 47.852718 0.000000 -6.496360
0.021000 48.082638 0.000000 -6.500793
0.021000 48.312656 0.000000 -6.505669
0.021000 48.542580 0.000000 -6.508810
0.021000 48.772346 0.000000 -6.509774
0.021000 48.969158 0.000000 -6.508921
0.021000 49.231430 0.000000 -6.506019
0.021000 49.460835 0.000000 -6.502587
0.021000 49.690197 0.000000 -6.498928
0.021000 49.919537 0.000000 -6.495346
0.021000 50.148876 0.000000 -6.492245
0.021000 50.378334 0.000000 -6.491263
0.021000 50.607979 0.000000 -6.492722
0.021000 50.837799 0.000000 -6.495977
0.021000 51.067768 0.000000 -6.500440
0.021000 51.297832 0.000000 -6.505332
0.021000 51.527798 0.000000 -6.508488
0.021000 51.757607 0.000000 -6.509466
0.021000 51.987259 0.000000 -6.508363
0.021000 52.184002 0.000000 -6.506196
0.021000 52.446236 0.000000 -6.502367
0.021000 52.675644 0.000000 -6.498751
0.021000 52.872257 0.000000 -6.495707
0.021000 53.134407 0.000000 -6.492154
0.021000 53.363903 0.000000 -6.491214
0.021000 53.593575 0.000000 -6.492702
0.021000 53.823429 0.000000 -6.495972
0.021000 54.053432 0.000000 -6.500441
0.021000 54.283531 0.000000 -6.505334
0.021000 54.513535 0.000000 -6.508489
0.021000 54.743378 0.000000 -6.509467
0.021000 54.973057 0.000000 -6.508367
0.021000 55.202614 0.000000 -6.505778
0.021000 55.432098 0.000000 -6.502404
0.021000 55.661541 0.000000 -6.498810
0.021000 55.890957 0.000000 -6.495295
0.021000 56.120373 0.000000 -6.492261
0.021000 56.349911 0.000000 -6.491345
0.021000 56.579632 0.000000 -6.492850
0.021000 56.809513 0.000000 -6.496127
0.021000 57.039543 0.000000 -6.500600
0.021000 57.269669 0.000000 -6.505495
0.021000 57.499695 0.000000 -6.508651
0.021000 57.729565 0.000000 -6.509630
0.021000 57.959270 0.000000 -6.508533
0.021000 58.188854 0.000000 -6.505952
0.021000 58.418365 0.000000 -6.502590
0.021000 58.647831 0.000000 -6.499009
0.021000 58.877270 0.000000 -6.495509
0.021000 59.106709 0.000000 -6.492488
0.021000 59.336258 0.000000 -6.491586
0.021000 59.565983 0.000000 -6.493100
0.021000 59.795887 0.000000 -6.496380
0.021000 60.025936 0.000000 -6.500850
0.021000 60.256081 0.000000 -6.505740
0.021000 60.486126 0.000000 -6.508891
0.021000 60.716011 0.000000 -6.509866
0.021000 60.945736 0.000000 -6.508766
0.021000 61.175335 0.000000 -6.506186
0.021000 61.404865 0.000000 -6.502828
0.021000 61.634354 0.000000 -6.499254
0.021000 61.863827 0.000000 -6.496051
0.021000 62.093426 0.000000 -6.494961
0.021000 62.323204 0.000000 -6.496328
0.021000 62.553169 0.000000 -6.499506
0.021000 62.783283 0.000000 -6.503902
0.021000 63.013500 0.000000 -6.508734
0.021000 63.243614 0.000000 -6.511829
0.021000 63.473572 0.000000 -6.512749
0.021000 63.703362 0.000000 -6.511589
0.021000 63.933033 0.000000 -6.508938
0.021000 64.162636 0.000000 -6.505503
0.021000 64.392181 0.000000 -6.501854
0.021000 64.621719 0.000000 -6.498290
0.021000 64.851227 0.000000 -6.495213
0.021000 65.080864 0.000000 -6.494256
0.021000 65.310684 0.000000 -6.495722
0.021000 65.540672 0.000000 -6.498959
0.021000 65.770798 0.000000 -6.503386
0.021000 66.001015 0.000000 -6.508234
0.021000 66.231133 0.000000 -6.511343
0.021000 66.461090 0.000000 -6.512278
0.021000 66.690887 0.000000 -6.511141
0.021000 66.920563 0.000000 -6.508533
0.021000 67.150162 0.000000 -6.505152
0.021000 67.379715 0.000000 -6.501558
0.021000 67.609253 0.000000 -6.498046
0.021000 67.838776 0.000000 -6.495018
0.021000 68.068413 0.000000 -6.494107
0.021000 68.298233 0.000000 -6.495604
0.021000 68.528221 0.000000 -6.498859
0.021000 68.758347 0.000000 -6.503298
0.021000 68.988564 0.000000 -6.508152
0.021000 69.218681 0.000000 -6.511269
0.021000 69.448639 0.000000 -6.512209
0.021000 69.678436 0.000000 -6.511076
0.021000 69.908112 0.000000 -6.508474
0.021000 70.137711 0.000000 -6.505099
0.021000 70.367256 0.000000 -6.501510
0.021000 70.596794 0.000000 -6.498003
0.021000 70.826302 0.000000 -6.494978
0.021000 71.055939 0.000000 -6.494072
0.021000 71.285759 0.000000 -6.495571
0.021000 71.515739 0.000000 -6.498829
0.021000 71.745865 0.000000 -6.503270
0.021000 71.976082 0.000000 -6.508127
0.021000 72.206200 0.000000 -6.511244
0.021000 72.436150 0.000000 -6.512186
0.021000 72.665947 0.000000 -6.511056
0.021000 72.895615 0.000000 -6.508455
0.021000 73.125214 0.000000 -6.505081
0.021000 73.354759 0.000000 -6.501493
0.021000 73.584297 0.000000 -6.497987
0.021000 73.813805 0.000000 -6.494963
0.021000 74.043442 0.000000 -6.494057
0.021000 74.273262 0.000000 -6.495557
0.021000 74.503235 0.000000 -6.498816
0.021000 74.733360 0.000000 -6.503257
0.021000 74.963577 0.000000 -6.508114
0.021000 75.193695 0.000000 -6.511232
0.021000 75.423645 0.000000 -6.512175
0.021000 75.653442 0.000000 -6.511046
0.021000 75.883110 0.000000 -6.508444
0.021000 76.112709 0.000000 -6.505071
0.021000 76.342247 0.000000 -6.501483
0.021000 76.571777 0.000000 -6.497978
0.021000 76.801285 0.000000 -6.494954
0.021000 77.030922 0.000000 -6.494048
0.021000 77.260742 0.000000 -6.495550
0.021000 77.490715 0.000000 -6.498809
0.021000 77.720840 0.000000 -6.503251
0.021000 77.951057 0.000000 -6.508111
0.021000 78.181175 0.000000 -6.511231
0.021000 78.378288 0.000000 -6.512174
0.021000 78.640923 0.000000 -6.511049
0.021000 78.870590 0.000000 -6.508450
0.021000 79.100189 0.000000 -6.505077
0.021000 79.296936 0.000000 -6.502001
0.021000 79.559258 0.000000 -6.497984
0.021000 79.788765 0.000000 -6.494961
0.021000 80.018394 0.000000 -6.494056
0.021000 80.248207 0.000000 -6.495558
0.021000 80.478180 0.000000 -6.498818
0.021000 80.708305 0.000000 -6.503260
0.021000 80.938522 0.000000 -6.508119
0.021000 81.168633 0.000000 -6.511240
0.021000 81.398582 0.000000 -6.512184
0.021000 81.628372 0.000000 -6.511056
0.021000 81.858040 0.000000 -6.508458
0.021000 82.087631 0.000000 -6.505085
0.021000 82.317169 0.000000 -6.501497
0.021000 82.546700 0.000000 -6.497993
0.021000 82.776207 0.000000 -6.494969
0.021000 83.005836 0.000000 -6.494065
0.021000 83.235649 0.000000 -6.495567


Running multirotor: 
0.021000 0.000005 0.000000 -6.997634
0.021000 0.000125 -0.000000 -6.997229
0.021000 0.000632 -0.000000 -6.996919
0.021000 0.001762 -0.000000 -6.996649
0.021000 0.003715 -0.000000 -6.996327
0.021000 0.006699 -0.000000 -6.995844
0.021000 0.010878 -0.000000 -6.995079
0.021000 0.016375 -0.000000 -6.993919
0.021000 0.023294 -0.000000 -6.992253
0.021000 0.031718 -0.000000 -6.989975
0.021000 0.041714 -0.000000 -6.986992
0.021000 0.053336 -0.000000 -6.983222
0.021000 0.066631 0.000000 -6.978597
0.021000 0.081640 0.000000 -6.973058
0.021000 0.098398 0.000000 -6.966562
0.021000 0.116938 0.000000 -6.959073
0.021000 0.137292 0.000000 -6.950564
0.021000 0.159488 0.000000 -6.941023
0.021000 0.183556 0.000000 -6.930439
0.021000 0.209524 0.000000 -6.918809
0.021000 0.237418 0.000000 -6.906138
0.021000 0.267264 0.000000 -6.892432
0.021000 0.299089 0.000000 -6.877702
0.021000 0.332918 0.000000 -6.861964
0.021000 0.368774 0.000000 -6.845237
0.021000 0.406685 0.000000 -6.827570
0.021000 0.446687 0.000000 -6.809037
0.021000 0.488813 0.000000 -6.789721
0.021000 0.533092 0.000000 -6.769697
0.021000 0.579551 0.000000 -6.749048
0.021000 0.628209 0.000000 -6.727846
0.021000 0.679083 0.000000 -6.706161
0.021000 0.732183 0.000000 -6.684057
0.021000 0.787516 0.000000 -6.661595
0.021000 0.836726 0.000000 -6.642098
0.021000 0.904898 0.000000 -6.615813
0.021000 0.966946 0.000000 -6.592593
0.021000 1.031228 0.000000 -6.569215
0.021000 1.097738 0.000000 -6.545721
0.021000 1.166470 0.000000 -6.522152
0.021000 1.237416 0.000000 -6.498544
0.021000 1.310568 0.000000 -6.474944
0.021000 1.386220 0.000000 -6.451962
0.021000 1.464894 0.000000 -6.430536
0.021000 1.546765 0.000000 -6.410786
0.021000 1.632007 0.000000 -6.392877
0.021000 1.720697 0.000000 -6.376843
0.021000 1.812859 0.000000 -6.362620
0.021000 1.908536 0.000000 -6.350190
0.021000 2.007761 0.000000 -6.339536
0.021000 2.110529 0.000000 -6.330590
0.021000 2.216845 0.000000 -6.323305
0.021000 2.326711 0.000000 -6.317638
0.021000 2.440117 0.000000 -6.313538
0.021000 2.557052 0.000000 -6.310952
0.021000 2.677502 0.000000 -6.309834
0.021000 2.801447 0.000000 -6.310132
0.021000 2.928845 0.000000 -6.311757
0.021000 3.059638 0.000000 -6.314617
0.021000 3.193813 0.000000 -6.318709
0.021000 3.331338 0.000000 -6.324024
0.021000 3.472162 0.000000 -6.330532
0.021000 3.616237 0.000000 -6.338219
0.021000 3.763515 0.000000 -6.347076
0.021000 3.913936 0.000000 -6.357090
0.021000 4.067446 0.000000 -6.368251
0.021000 4.223986 0.000000 -6.380556
0.021000 4.383497 0.000000 -6.393997
0.021000 4.545917 0.000000 -6.408570
0.021000 4.711187 0.000000 -6.424273
0.021000 4.879245 0.000000 -6.441104
0.021000 5.050033 0.000000 -6.459062
0.021000 5.223488 0.000000 -6.478146
0.021000 5.399551 0.000000 -6.498358
0.021000 5.578149 0.000000 -6.519668
0.021000 5.758317 0.000000 -6.540217
0.021000 5.938941 0.000000 -6.557872
0.021000 6.119904 0.000000 -6.572612
0.021000 6.301180 0.000000 -6.584529
0.021000 6.482766 0.000000 -6.593732
0.021000 6.664646 0.000000 -6.600329
0.021000 6.820768 0.000000 -6.603973
0.021000 7.029243 0.000000 -6.606015
0.021000 7.211939 0.000000 -6.605219
0.021000 7.394887 0.000000 -6.602060
0.021000 7.578080 0.000000 -6.596577
0.021000 7.761508 0.000000 -6.588799
0.021000 7.945168 0.000000 -6.578753
0.021000 8.129053 0.000000 -6.566464
0.021000 8.313157 0.000000 -6.551952
0.021000 8.497476 0.000000 -6.535234
0.021000 8.682004 0.000000 -6.516326
0.021000 8.866736 0.000000 -6.495241
0.021000 9.051677 0.000000 -6.472024
0.021000 9.237219 0.000000 -6.448703
0.021000 9.423860 0.000000 -6.427471
0.021000 9.611756 0.000000 -6.408472
0.021000 9.801055 0.000000 -6.391967
0.021000 9.991838 0.000000 -6.378059
0.021000 10.184133 0.000000 -6.366649
0.021000 10.377976 0.000000 -6.357727
0.021000 10.573397 0.000000 -6.351308
0.021000 10.770394 0.000000 -6.347334
0.021000 10.968971 0.000000 -6.345770
0.021000 11.169124 0.000000 -6.346596
0.021000 11.370839 0.000000 -6.349777
0.021000 11.574101 0.000000 -6.355283
0.021000 11.778893 0.000000 -6.363086
0.021000 11.985190 0.000000 -6.373157
0.021000 12.192969 0.000000 -6.385468
0.021000 12.402204 0.000000 -6.399991
0.021000 12.612864 0.000000 -6.416700
0.021000 12.824890 0.000000 -6.435443
0.021000 13.038089 0.000000 -6.455547
0.021000 13.252262 0.000000 -6.476314
0.021000 13.467274 0.000000 -6.497269
0.021000 13.683026 0.000000 -6.518094
0.021000 13.899147 0.000000 -6.537315
0.021000 14.115354 0.000000 -6.553917
0.021000 14.331606 0.000000 -6.567998
0.021000 14.547885 0.000000 -6.579639
0.021000 14.764177 0.000000 -6.588898
0.021000 14.980464 0.000000 -6.595829
0.021000 15.196733 0.000000 -6.600474
0.021000 15.412974 0.000000 -6.602865
0.021000 15.629179 0.000000 -6.603028
0.021000 15.845339 0.000000 -6.600985
0.021000 16.061451 0.000000 -6.596755
0.021000 16.277506 0.000000 -6.590353
0.021000 16.493504 0.000000 -6.581792
0.021000 16.709440 0.000000 -6.571083
0.021000 16.925310 0.000000 -6.558234
0.021000 17.141136 0.000000 -6.543432
0.021000 17.356993 0.000000 -6.527433
0.021000 17.572954 0.000000 -6.510959
0.021000 17.789066 0.000000 -6.494495
0.021000 18.005362 0.000000 -6.478364
0.021000 18.221954 0.000000 -6.463644
0.021000 18.439001 0.000000 -6.451438
0.021000 18.656593 0.000000 -6.441828
0.021000 18.874798 0.000000 -6.434984
0.021000 19.093657 0.000000 -6.430943
0.021000 19.313198 0.000000 -6.429650
0.021000 19.533451 0.000000 -6.431108
0.021000 19.754438 0.000000 -6.435310
0.021000 19.976145 0.000000 -6.442065
0.021000 20.198481 0.000000 -6.450670
0.021000 20.421345 0.000000 -6.460439
0.021000 20.644667 0.000000 -6.470901
0.021000 20.868404 0.000000 -6.481750
0.021000 21.092522 0.000000 -6.492778
0.021000 21.317007 0.000000 -6.503852
0.021000 21.541834 0.000000 -6.514863
0.021000 21.766804 0.000000 -6.524538
0.021000 21.991737 0.000000 -6.531918
0.021000 22.216602 0.000000 -6.537027
0.021000 22.441387 0.000000 -6.539900
0.021000 22.666073 0.000000 -6.540564
0.021000 22.890650 0.000000 -6.539042
0.021000 23.115108 0.000000 -6.535352
0.021000 23.339445 0.000000 -6.529534
0.021000 23.563700 0.000000 -6.522094
0.021000 23.787937 0.000000 -6.513858
0.021000 24.012201 0.000000 -6.505384
0.021000 24.236517 0.000000 -6.497007
0.021000 24.460894 0.000000 -6.488941
0.021000 24.685429 0.000000 -6.482319
0.021000 24.910250 0.000000 -6.478279
0.021000 25.135426 0.000000 -6.476894
0.021000 25.361013 0.000000 -6.478274
0.021000 25.586992 0.000000 -6.482000
0.021000 25.813313 0.000000 -6.487338
0.021000 26.039927 -0.000000 -6.493731
0.021000 26.266806 -0.000000 -6.500801
0.021000 26.493931 -0.000000 -6.508274
0.021000 26.721121 -0.000000 -6.514646
0.021000 26.948225 -0.000000 -6.518810
0.021000 27.175213 -0.000000 -6.520763
0.021000 27.402073 -0.000000 -6.520529
0.021000 27.628798 -0.000000 -6.518123
0.021000 27.855398 -0.000000 -6.513741
0.021000 28.081930 -0.000000 -6.508173
0.021000 28.308443 -0.000000 -6.502105
0.021000 28.534967 -0.000000 -6.495971
0.021000 28.761520 -0.000000 -6.490055
0.021000 28.988190 -0.000000 -6.485567
0.021000 29.215101 -0.000000 -6.483674
0.021000 29.442320 -0.000000 -6.484417
0.021000 29.669842 -0.000000 -6.487440
0.021000 29.897627 -0.000000 -6.492043
0.021000 30.125643 -0.000000 -6.497691
0.021000 30.353865 -0.000000 -6.503996
0.021000 30.582119 -0.000000 -6.509311
0.021000 30.810265 -0.000000 -6.512446
0.021000 31.038275 -0.000000 -6.513390
0.021000 31.266140 -0.000000 -6.512159
0.021000 31.493866 -0.000000 -6.508893
0.021000 31.721506 -0.000000 -6.504360
0.021000 31.949114 -0.000000 -6.499331
0.021000 32.176727 -0.000000 -6.494244
0.021000 32.404427 -0.000000 -6.490482
0.021000 32.632355 -0.000000 -6.489308
0.021000 32.860550 -0.000000 -6.490691
0.021000 33.089008 -0.000000 -6.494070
0.021000 33.317688 -0.000000 -6.498795
0.021000 33.546555 -0.000000 -6.504379
0.021000 33.775440 -0.000000 -6.509054
0.021000 34.004200 -0.000000 -6.511564
0.021000 34.232815 -0.000000 -6.511891
0.021000 34.461273 -0.000000 -6.510074
0.021000 34.689617 -0.000000 -6.506557
0.021000 34.917889 -0.000000 -6.502194
0.021000 35.146145 -0.000000 -6.497597
0.021000 35.374401 -0.000000 -6.493086
0.021000 35.602741 -0.000000 -6.489953
0.021000 35.831284 -0.000000 -6.489417
0.021000 36.060070 -0.000000 -6.491322
0.021000 36.289074 -0.000000 -6.494994
0.021000 36.518265 -0.000000 -6.499844
0.021000 36.747612 -0.000000 -6.505447
0.021000 36.976967 -0.000000 -6.510105
0.021000 37.206196 -0.000000 -6.512601
0.021000 37.435268 -0.000000 -6.512916
0.021000 37.664185 -0.000000 -6.511113
0.021000 37.892982 -0.000000 -6.507729
0.021000 38.121716 -0.000000 -6.503587
0.021000 38.350426 -0.000000 -6.499261
0.021000 38.546444 -0.000000 -6.495617
0.021000 38.807888 -0.000000 -6.492215
0.021000 39.036854 -0.000000 -6.491984
0.021000 39.266045 -0.000000 -6.494104
0.021000 39.495422 -0.000000 -6.497872
0.021000 39.724972 -0.000000 -6.502710
0.021000 39.954517 -0.000000 -6.506721
0.021000 40.183929 -0.000000 -6.508583
0.021000 40.413181 -0.000000 -6.508276
0.021000 40.642288 -0.000000 -6.506077
0.021000 40.871304 -0.000000 -6.502703
0.021000 41.100266 -0.000000 -6.498837
0.021000 41.329208 -0.000000 -6.494951
0.021000 41.558224 -0.000000 -6.492429
0.021000 41.787430 -0.000000 -6.492494
0.021000 42.016853 -0.000000 -6.494813
0.021000 42.246460 -0.000000 -6.498692
0.021000 42.476219 -0.000000 -6.503578
0.021000 42.705971 -0.000000 -6.507616
0.021000 42.935581 -0.000000 -6.509504
0.021000 43.165031 -0.000000 -6.509225
0.021000 43.394337 -0.000000 -6.507071
0.021000 43.623550 -0.000000 -6.503760
0.021000 43.852707 -0.000000 -6.499972
0.021000 44.081844 -0.000000 -6.496171
0.021000 44.311047 -0.000000 -6.493739
0.021000 44.540436 -0.000000 -6.493881
0.021000 44.770027 -0.000000 -6.496241
0.021000 44.999798 -0.000000 -6.500128
0.021000 45.229717 -0.000000 -6.505001
0.021000 45.459629 -0.000000 -6.509020
0.021000 45.689396 -0.000000 -6.510891
0.021000 45.918999 -0.000000 -6.510596
0.021000 46.148457 -0.000000 -6.508450
0.021000 46.377819 -0.000000 -6.505177
0.021000 46.607128 -0.000000 -6.501443
0.021000 46.836411 -0.000000 -6.497685
0.021000 47.065678 -0.000000 -6.494110
0.021000 47.295010 -0.000000 -6.491951
0.021000 47.524521 -0.000000 -6.492323
0.021000 47.754219 -0.000000 -6.494826
0.021000 47.984074 -0.000000 -6.498792
0.021000 48.214069 -0.000000 -6.503704
0.021000 48.444046 -0.000000 -6.507749
0.021000 48.673882 -0.000000 -6.509645
0.021000 48.903553 -0.000000 -6.509379
0.021000 49.133083 -0.000000 -6.507301
0.021000 49.362514 -0.000000 -6.504129
0.021000 49.591892 -0.000000 -6.500514
0.021000 49.821243 -0.000000 -6.496876
0.021000 50.050568 -0.000000 -6.493419
0.021000 50.279961 -0.000000 -6.491376
0.021000 50.509525 -0.000000 -6.491848
0.021000 50.739277 -0.000000 -6.494414
0.021000 50.969181 -0.000000 -6.498418
0.021000 51.199223 -0.000000 -6.503350
0.021000 51.429249 -0.000000 -6.507409
0.021000 51.659126 -0.000000 -6.509320
0.021000 51.888844 -0.000000 -6.509070
0.021000 52.118416 -0.000000 -6.507018
0.021000 52.347897 -0.000000 -6.503883
0.021000 52.577316 -0.000000 -6.500308
0.021000 52.806709 -0.000000 -6.496714
0.021000 53.036083 -0.000000 -6.493300
0.021000 53.265518 -0.000000 -6.491301
0.021000 53.495110 -0.000000 -6.491812
0.021000 53.724888 -0.000000 -6.494404
0.021000 53.954830 -0.000000 -6.498421
0.021000 54.184910 -0.000000 -6.503358
0.021000 54.414967 -0.000000 -6.507418
0.021000 54.644878 -0.000000 -6.509330
0.021000 54.874630 -0.000000 -6.509082
0.021000 55.104233 -0.000000 -6.507041
0.021000 55.333744 -0.000000 -6.503922
0.021000 55.563202 -0.000000 -6.500369
0.021000 55.792629 -0.000000 -6.496798
0.021000 56.022034 -0.000000 -6.493408
0.021000 56.251503 -0.000000 -6.491433
0.021000 56.481148 -0.000000 -6.491963
0.021000 56.710960 -0.000000 -6.494562
0.021000 56.940929 -0.000000 -6.498580
0.021000 57.171036 -0.000000 -6.503515
0.021000 57.401119 -0.000000 -6.507573
0.021000 57.631054 -0.000000 -6.509483
0.021000 57.860832 -0.000000 -6.509234
0.021000 58.090462 -0.000000 -6.507196
0.021000 58.320000 -0.000000 -6.504087
0.021000 58.549480 -0.000000 -6.500546
0.021000 58.778931 -0.000000 -6.496990
0.021000 59.008362 -0.000000 -6.493614
0.021000 59.237850 -0.000000 -6.491654
0.021000 59.467495 -0.000000 -6.492195
0.021000 59.697327 -0.000000 -6.494800
0.021000 59.927315 -0.000000 -6.498819
0.021000 60.157436 -0.000000 -6.503752
0.021000 60.387543 -0.000000 -6.507807
0.021000 60.617500 -0.000000 -6.509715
0.021000 60.847290 -0.000000 -6.509463
0.021000 61.076935 -0.000000 -6.507426
0.021000 61.306492 -0.000000 -6.504322
0.021000 61.535992 -0.000000 -6.500787
0.021000 61.765461 -0.000000 -6.497239
0.021000 61.994904 -0.000000 -6.493871
0.021000 62.224407 -0.000000 -6.491919
0.021000 62.454079 -0.000000 -6.492467
0.021000 62.683933 -0.000000 -6.495076
0.021000 62.913940 -0.000000 -6.499098
0.021000 63.144077 -0.000000 -6.504031
0.021000 63.374195 -0.000000 -6.508083
0.021000 63.604168 -0.000000 -6.509988
0.021000 63.833973 -0.000000 -6.509736
0.021000 64.063637 -0.000000 -6.507699
0.021000 64.293205 -0.000000 -6.504598
0.021000 64.522720 -0.000000 -6.501067
0.021000 64.752205 -0.000000 -6.497521
0.021000 64.981674 -0.000000 -6.494157
0.021000 65.211197 -0.000000 -6.492209
0.021000 65.440880 -0.000000 -6.492762
0.021000 65.670746 -0.000000 -6.495375
0.021000 65.900764 -0.000000 -6.499397
0.021000 66.130905 -0.000000 -6.504329
0.021000 66.361031 -0.000000 -6.508380
0.021000 66.591011 0.000000 -6.510284
0.021000 66.820831 0.000000 -6.510029
0.021000 67.050514 0.000000 -6.507992
0.021000 67.280090 0.000000 -6.504890
0.021000 67.509621 0.000000 -6.501359
0.021000 67.739105 0.000000 -6.497814
0.021000 67.968590 0.000000 -6.494451
0.021000 68.198120 0.000000 -6.492503
0.021000 68.427803 0.000000 -6.493054
0.021000 68.657677 0.000000 -6.495659
0.021000 68.887703 0.000000 -6.499673
0.021000 69.117859 0.000000 -6.504598
0.021000 69.348000 0.000000 -6.508643
0.021000 69.577988 0.000000 -6.510540
0.021000 69.807808 0.000000 -6.510279
0.021000 70.037491 0.000000 -6.508237
0.021000 70.267082 0.000000 -6.505133
0.021000 70.496620 0.000000 -6.501601
0.021000 70.726112 0.000000 -6.498056
0.021000 70.955597 0.000000 -6.494692
0.021000 71.185135 0.000000 -6.492745
0.021000 71.414848 0.000000 -6.493295
0.021000 71.644730 0.000000 -6.495900
0.021000 71.874763 0.000000 -6.499912
0.021000 72.104919 0.000000 -6.504834
0.021000 72.335060 0.000000 -6.508875
0.021000 72.565056 0.000000 -6.510770
0.021000 72.794884 0.000000 -6.510507
0.021000 73.024567 0.000000 -6.508463
0.021000 73.254166 0.000000 -6.505358
0.021000 73.483704 0.000000 -6.501826
0.021000 73.713203 0.000000 -6.498281
0.021000 73.942688 0.000000 -6.494917
0.021000 74.172226 0.000000 -6.492969
0.021000 74.401939 0.000000 -6.493518
0.021000 74.631828 0.000000 -6.496120
0.021000 74.861862 0.000000 -6.500130
0.021000 75.092041 0.000000 -6.505049
0.021000 75.322182 0.000000 -6.509089
0.021000 75.552185 0.000000 -6.510980
0.021000 75.782021 0.000000 -6.510715
0.021000 76.011719 0.000000 -6.508669
0.021000 76.241325 0.000000 -6.505563
0.021000 76.470863 0.000000 -6.502029
0.021000 76.700371 0.000000 -6.498482
0.021000 76.929855 0.000000 -6.495117
0.021000 77.159409 0.000000 -6.493167
0.021000 77.389122 0.000000 -6.493718
0.021000 77.619019 0.000000 -6.496323
0.021000 77.849060 0.000000 -6.500333
0.021000 78.079239 0.000000 -6.505251
0.021000 78.309387 0.000000 -6.509290
0.021000 78.539391 0.000000 -6.511181
0.021000 78.769234 0.000000 -6.510914
0.021000 78.998932 0.000000 -6.508868
0.021000 79.228539 0.000000 -6.505760
0.021000 79.458084 0.000000 -6.502225
0.021000 79.687599 0.000000 -6.498676
0.021000 79.917084 0.000000 -6.495309
0.021000 80.146637 0.000000 -6.493359
0.021000 80.376350 0.000000 -6.493905
0.021000 80.606247 0.000000 -6.496504
0.021000 80.836296 0.000000 -6.500510
0.021000 81.066475 0.000000 -6.505425
0.021000 81.296631 0.000000 -6.509460
0.021000 81.526642 0.000000 -6.511348
0.021000 81.756485 0.000000 -6.511078
0.021000 81.986183 0.000000 -6.509029
0.021000 82.182991 0.000000 -6.506403
